  -1.000000e-08  1.079819e+07
  -9.990000e-09  1.084145e+07
  -9.980000e-09  1.088484e+07
  -9.970000e-09  1.092836e+07
  -9.960000e-09  1.097200e+07
  -9.950000e-09  1.101578e+07
  -9.940000e-09  1.105969e+07
  -9.930000e-09  1.110373e+07
  -9.920000e-09  1.114790e+07
  -9.910000e-09  1.119220e+07
  -9.900000e-09  1.123663e+07
  -9.890000e-09  1.128119e+07
  -9.880000e-09  1.132589e+07
  -9.870000e-09  1.137071e+07
  -9.860000e-09  1.141567e+07
  -9.850000e-09  1.146076e+07
  -9.840000e-09  1.150598e+07
  -9.830000e-09  1.155133e+07
  -9.820000e-09  1.159682e+07
  -9.810000e-09  1.164244e+07
  -9.800000e-09  1.168819e+07
  -9.790000e-09  1.173407e+07
  -9.780000e-09  1.178009e+07
  -9.770000e-09  1.182624e+07
  -9.760000e-09  1.187252e+07
  -9.750000e-09  1.191894e+07
  -9.740000e-09  1.196549e+07
  -9.730000e-09  1.201218e+07
  -9.720000e-09  1.205899e+07
  -9.710000e-09  1.210595e+07
  -9.700000e-09  1.215303e+07
  -9.690000e-09  1.220025e+07
  -9.680000e-09  1.224761e+07
  -9.670000e-09  1.229510e+07
  -9.660000e-09  1.234273e+07
  -9.650000e-09  1.239048e+07
  -9.640000e-09  1.243838e+07
  -9.630000e-09  1.248641e+07
  -9.620000e-09  1.253458e+07
  -9.610000e-09  1.258288e+07
  -9.600000e-09  1.263131e+07
  -9.590000e-09  1.267988e+07
  -9.580000e-09  1.272859e+07
  -9.570000e-09  1.277744e+07
  -9.560000e-09  1.282642e+07
  -9.550000e-09  1.287553e+07
  -9.540000e-09  1.292479e+07
  -9.530000e-09  1.297417e+07
  -9.520000e-09  1.302370e+07
  -9.510000e-09  1.307336e+07
  -9.500000e-09  1.312316e+07
  -9.490000e-09  1.317310e+07
  -9.480000e-09  1.322317e+07
  -9.470000e-09  1.327338e+07
  -9.460000e-09  1.332373e+07
  -9.450000e-09  1.337422e+07
  -9.440000e-09  1.342484e+07
  -9.430000e-09  1.347560e+07
  -9.420000e-09  1.352650e+07
  -9.410000e-09  1.357754e+07
  -9.400000e-09  1.362871e+07
  -9.390000e-09  1.368003e+07
  -9.380000e-09  1.373148e+07
  -9.370000e-09  1.378307e+07
  -9.360000e-09  1.383480e+07
  -9.350000e-09  1.388666e+07
  -9.340000e-09  1.393867e+07
  -9.330000e-09  1.399081e+07
  -9.320000e-09  1.404310e+07
  -9.310000e-09  1.409552e+07
  -9.300000e-09  1.414808e+07
  -9.290000e-09  1.420078e+07
  -9.280000e-09  1.425362e+07
  -9.270000e-09  1.430660e+07
  -9.260000e-09  1.435972e+07
  -9.250000e-09  1.441297e+07
  -9.240000e-09  1.446637e+07
  -9.230000e-09  1.451991e+07
  -9.220000e-09  1.457359e+07
  -9.210000e-09  1.462741e+07
  -9.200000e-09  1.468136e+07
  -9.190000e-09  1.473546e+07
  -9.180000e-09  1.478970e+07
  -9.170000e-09  1.484408e+07
  -9.160000e-09  1.489859e+07
  -9.150000e-09  1.495325e+07
  -9.140000e-09  1.500805e+07
  -9.130000e-09  1.506299e+07
  -9.120000e-09  1.511807e+07
  -9.110000e-09  1.517329e+07
  -9.100000e-09  1.522865e+07
  -9.090000e-09  1.528416e+07
  -9.080000e-09  1.533980e+07
  -9.070000e-09  1.539559e+07
  -9.060000e-09  1.545151e+07
  -9.050000e-09  1.550758e+07
  -9.040000e-09  1.556379e+07
  -9.030000e-09  1.562014e+07
  -9.020000e-09  1.567663e+07
  -9.010000e-09  1.573326e+07
  -9.000000e-09  1.579003e+07
  -8.990000e-09  1.584695e+07
  -8.980000e-09  1.590400e+07
  -8.970000e-09  1.596120e+07
  -8.960000e-09  1.601854e+07
  -8.950000e-09  1.607602e+07
  -8.940000e-09  1.613364e+07
  -8.930000e-09  1.619141e+07
  -8.920000e-09  1.624932e+07
  -8.910000e-09  1.630736e+07
  -8.900000e-09  1.636556e+07
  -8.890000e-09  1.642389e+07
  -8.880000e-09  1.648236e+07
  -8.870000e-09  1.654098e+07
  -8.860000e-09  1.659974e+07
  -8.850000e-09  1.665864e+07
  -8.840000e-09  1.671768e+07
  -8.830000e-09  1.677686e+07
  -8.820000e-09  1.683619e+07
  -8.810000e-09  1.689566e+07
  -8.800000e-09  1.695527e+07
  -8.790000e-09  1.701503e+07
  -8.780000e-09  1.707492e+07
  -8.770000e-09  1.713496e+07
  -8.760000e-09  1.719514e+07
  -8.750000e-09  1.725546e+07
  -8.740000e-09  1.731593e+07
  -8.730000e-09  1.737654e+07
  -8.720000e-09  1.743729e+07
  -8.710000e-09  1.749818e+07
  -8.700000e-09  1.755921e+07
  -8.690000e-09  1.762039e+07
  -8.680000e-09  1.768171e+07
  -8.670000e-09  1.774317e+07
  -8.660000e-09  1.780478e+07
  -8.650000e-09  1.786652e+07
  -8.640000e-09  1.792841e+07
  -8.630000e-09  1.799045e+07
  -8.620000e-09  1.805262e+07
  -8.610000e-09  1.811494e+07
  -8.600000e-09  1.817740e+07
  -8.590000e-09  1.824000e+07
  -8.580000e-09  1.830274e+07
  -8.570000e-09  1.836563e+07
  -8.560000e-09  1.842866e+07
  -8.550000e-09  1.849183e+07
  -8.540000e-09  1.855514e+07
  -8.530000e-09  1.861860e+07
  -8.520000e-09  1.868219e+07
  -8.510000e-09  1.874593e+07
  -8.500000e-09  1.880982e+07
  -8.490000e-09  1.887384e+07
  -8.480000e-09  1.893801e+07
  -8.470000e-09  1.900232e+07
  -8.460000e-09  1.906677e+07
  -8.450000e-09  1.913136e+07
  -8.440000e-09  1.919609e+07
  -8.430000e-09  1.926097e+07
  -8.420000e-09  1.932599e+07
  -8.410000e-09  1.939115e+07
  -8.400000e-09  1.945645e+07
  -8.390000e-09  1.952190e+07
  -8.380000e-09  1.958748e+07
  -8.370000e-09  1.965321e+07
  -8.360000e-09  1.971908e+07
  -8.350000e-09  1.978509e+07
  -8.340000e-09  1.985125e+07
  -8.330000e-09  1.991754e+07
  -8.320000e-09  1.998398e+07
  -8.310000e-09  2.005055e+07
  -8.300000e-09  2.011727e+07
  -8.290000e-09  2.018413e+07
  -8.280000e-09  2.025113e+07
  -8.270000e-09  2.031828e+07
  -8.260000e-09  2.038556e+07
  -8.250000e-09  2.045298e+07
  -8.240000e-09  2.052055e+07
  -8.230000e-09  2.058826e+07
  -8.220000e-09  2.065610e+07
  -8.210000e-09  2.072409e+07
  -8.200000e-09  2.079222e+07
  -8.190000e-09  2.086049e+07
  -8.180000e-09  2.092890e+07
  -8.170000e-09  2.099745e+07
  -8.160000e-09  2.106614e+07
  -8.150000e-09  2.113497e+07
  -8.140000e-09  2.120394e+07
  -8.130000e-09  2.127305e+07
  -8.120000e-09  2.134230e+07
  -8.110000e-09  2.141169e+07
  -8.100000e-09  2.148122e+07
  -8.090000e-09  2.155088e+07
  -8.080000e-09  2.162069e+07
  -8.070000e-09  2.169064e+07
  -8.060000e-09  2.176073e+07
  -8.050000e-09  2.183095e+07
  -8.040000e-09  2.190132e+07
  -8.030000e-09  2.197182e+07
  -8.020000e-09  2.204247e+07
  -8.010000e-09  2.211325e+07
  -8.000000e-09  2.218417e+07
  -7.990000e-09  2.225523e+07
  -7.980000e-09  2.232642e+07
  -7.970000e-09  2.239776e+07
  -7.960000e-09  2.246923e+07
  -7.950000e-09  2.254084e+07
  -7.940000e-09  2.261259e+07
  -7.930000e-09  2.268448e+07
  -7.920000e-09  2.275650e+07
  -7.910000e-09  2.282866e+07
  -7.900000e-09  2.290096e+07
  -7.890000e-09  2.297340e+07
  -7.880000e-09  2.304597e+07
  -7.870000e-09  2.311868e+07
  -7.860000e-09  2.319152e+07
  -7.850000e-09  2.326451e+07
  -7.840000e-09  2.333762e+07
  -7.830000e-09  2.341088e+07
  -7.820000e-09  2.348427e+07
  -7.810000e-09  2.355780e+07
  -7.800000e-09  2.363146e+07
  -7.790000e-09  2.370526e+07
  -7.780000e-09  2.377919e+07
  -7.770000e-09  2.385326e+07
  -7.760000e-09  2.392746e+07
  -7.750000e-09  2.400180e+07
  -7.740000e-09  2.407627e+07
  -7.730000e-09  2.415088e+07
  -7.720000e-09  2.422562e+07
  -7.710000e-09  2.430050e+07
  -7.700000e-09  2.437551e+07
  -7.690000e-09  2.445065e+07
  -7.680000e-09  2.452593e+07
  -7.670000e-09  2.460134e+07
  -7.660000e-09  2.467688e+07
  -7.650000e-09  2.475256e+07
  -7.640000e-09  2.482837e+07
  -7.630000e-09  2.490431e+07
  -7.620000e-09  2.498038e+07
  -7.610000e-09  2.505659e+07
  -7.600000e-09  2.513293e+07
  -7.590000e-09  2.520940e+07
  -7.580000e-09  2.528600e+07
  -7.570000e-09  2.536273e+07
  -7.560000e-09  2.543960e+07
  -7.550000e-09  2.551659e+07
  -7.540000e-09  2.559372e+07
  -7.530000e-09  2.567097e+07
  -7.520000e-09  2.574836e+07
  -7.510000e-09  2.582587e+07
  -7.500000e-09  2.590352e+07
  -7.490000e-09  2.598129e+07
  -7.480000e-09  2.605920e+07
  -7.470000e-09  2.613723e+07
  -7.460000e-09  2.621539e+07
  -7.450000e-09  2.629369e+07
  -7.440000e-09  2.637211e+07
  -7.430000e-09  2.645065e+07
  -7.420000e-09  2.652933e+07
  -7.410000e-09  2.660813e+07
  -7.400000e-09  2.668706e+07
  -7.390000e-09  2.676612e+07
  -7.380000e-09  2.684530e+07
  -7.370000e-09  2.692461e+07
  -7.360000e-09  2.700405e+07
  -7.350000e-09  2.708361e+07
  -7.340000e-09  2.716330e+07
  -7.330000e-09  2.724312e+07
  -7.320000e-09  2.732305e+07
  -7.310000e-09  2.740312e+07
  -7.300000e-09  2.748331e+07
  -7.290000e-09  2.756362e+07
  -7.280000e-09  2.764406e+07
  -7.270000e-09  2.772462e+07
  -7.260000e-09  2.780531e+07
  -7.250000e-09  2.788611e+07
  -7.240000e-09  2.796704e+07
  -7.230000e-09  2.804810e+07
  -7.220000e-09  2.812927e+07
  -7.210000e-09  2.821057e+07
  -7.200000e-09  2.829199e+07
  -7.190000e-09  2.837353e+07
  -7.180000e-09  2.845520e+07
  -7.170000e-09  2.853698e+07
  -7.160000e-09  2.861889e+07
  -7.150000e-09  2.870091e+07
  -7.140000e-09  2.878305e+07
  -7.130000e-09  2.886532e+07
  -7.120000e-09  2.894770e+07
  -7.110000e-09  2.903020e+07
  -7.100000e-09  2.911283e+07
  -7.090000e-09  2.919557e+07
  -7.080000e-09  2.927842e+07
  -7.070000e-09  2.936140e+07
  -7.060000e-09  2.944449e+07
  -7.050000e-09  2.952770e+07
  -7.040000e-09  2.961103e+07
  -7.030000e-09  2.969447e+07
  -7.020000e-09  2.977803e+07
  -7.010000e-09  2.986170e+07
  -7.000000e-09  2.994549e+07
  -6.990000e-09  3.002940e+07
  -6.980000e-09  3.011342e+07
  -6.970000e-09  3.019755e+07
  -6.960000e-09  3.028180e+07
  -6.950000e-09  3.036616e+07
  -6.940000e-09  3.045063e+07
  -6.930000e-09  3.053522e+07
  -6.920000e-09  3.061992e+07
  -6.910000e-09  3.070473e+07
  -6.900000e-09  3.078966e+07
  -6.890000e-09  3.087469e+07
  -6.880000e-09  3.095984e+07
  -6.870000e-09  3.104510e+07
  -6.860000e-09  3.113046e+07
  -6.850000e-09  3.121594e+07
  -6.840000e-09  3.130153e+07
  -6.830000e-09  3.138722e+07
  -6.820000e-09  3.147303e+07
  -6.810000e-09  3.155894e+07
  -6.800000e-09  3.164496e+07
  -6.790000e-09  3.173109e+07
  -6.780000e-09  3.181732e+07
  -6.770000e-09  3.190366e+07
  -6.760000e-09  3.199011e+07
  -6.750000e-09  3.207667e+07
  -6.740000e-09  3.216333e+07
  -6.730000e-09  3.225009e+07
  -6.720000e-09  3.233696e+07
  -6.710000e-09  3.242393e+07
  -6.700000e-09  3.251101e+07
  -6.690000e-09  3.259819e+07
  -6.680000e-09  3.268548e+07
  -6.670000e-09  3.277286e+07
  -6.660000e-09  3.286035e+07
  -6.650000e-09  3.294794e+07
  -6.640000e-09  3.303564e+07
  -6.630000e-09  3.312343e+07
  -6.620000e-09  3.321132e+07
  -6.610000e-09  3.329932e+07
  -6.600000e-09  3.338741e+07
  -6.590000e-09  3.347560e+07
  -6.580000e-09  3.356389e+07
  -6.570000e-09  3.365228e+07
  -6.560000e-09  3.374077e+07
  -6.550000e-09  3.382935e+07
  -6.540000e-09  3.391803e+07
  -6.530000e-09  3.400681e+07
  -6.520000e-09  3.409568e+07
  -6.510000e-09  3.418465e+07
  -6.500000e-09  3.427372e+07
  -6.490000e-09  3.436288e+07
  -6.480000e-09  3.445213e+07
  -6.470000e-09  3.454148e+07
  -6.460000e-09  3.463092e+07
  -6.450000e-09  3.472045e+07
  -6.440000e-09  3.481007e+07
  -6.430000e-09  3.489979e+07
  -6.420000e-09  3.498960e+07
  -6.410000e-09  3.507950e+07
  -6.400000e-09  3.516949e+07
  -6.390000e-09  3.525956e+07
  -6.380000e-09  3.534973e+07
  -6.370000e-09  3.543999e+07
  -6.360000e-09  3.553033e+07
  -6.350000e-09  3.562077e+07
  -6.340000e-09  3.571129e+07
  -6.330000e-09  3.580190e+07
  -6.320000e-09  3.589259e+07
  -6.310000e-09  3.598337e+07
  -6.300000e-09  3.607423e+07
  -6.290000e-09  3.616518e+07
  -6.280000e-09  3.625622e+07
  -6.270000e-09  3.634733e+07
  -6.260000e-09  3.643853e+07
  -6.250000e-09  3.652982e+07
  -6.240000e-09  3.662118e+07
  -6.230000e-09  3.671263e+07
  -6.220000e-09  3.680416e+07
  -6.210000e-09  3.689577e+07
  -6.200000e-09  3.698746e+07
  -6.190000e-09  3.707922e+07
  -6.180000e-09  3.717107e+07
  -6.170000e-09  3.726300e+07
  -6.160000e-09  3.735500e+07
  -6.150000e-09  3.744708e+07
  -6.140000e-09  3.753924e+07
  -6.130000e-09  3.763148e+07
  -6.120000e-09  3.772379e+07
  -6.110000e-09  3.781617e+07
  -6.100000e-09  3.790863e+07
  -6.090000e-09  3.800117e+07
  -6.080000e-09  3.809377e+07
  -6.070000e-09  3.818645e+07
  -6.060000e-09  3.827921e+07
  -6.050000e-09  3.837203e+07
  -6.040000e-09  3.846493e+07
  -6.030000e-09  3.855789e+07
  -6.020000e-09  3.865093e+07
  -6.010000e-09  3.874404e+07
  -6.000000e-09  3.883721e+07
  -5.990000e-09  3.893045e+07
  -5.980000e-09  3.902377e+07
  -5.970000e-09  3.911714e+07
  -5.960000e-09  3.921059e+07
  -5.950000e-09  3.930410e+07
  -5.940000e-09  3.939768e+07
  -5.930000e-09  3.949132e+07
  -5.920000e-09  3.958502e+07
  -5.910000e-09  3.967879e+07
  -5.900000e-09  3.977262e+07
  -5.890000e-09  3.986652e+07
  -5.880000e-09  3.996047e+07
  -5.870000e-09  4.005449e+07
  -5.860000e-09  4.014857e+07
  -5.850000e-09  4.024271e+07
  -5.840000e-09  4.033691e+07
  -5.830000e-09  4.043116e+07
  -5.820000e-09  4.052548e+07
  -5.810000e-09  4.061985e+07
  -5.800000e-09  4.071428e+07
  -5.790000e-09  4.080876e+07
  -5.780000e-09  4.090330e+07
  -5.770000e-09  4.099790e+07
  -5.760000e-09  4.109255e+07
  -5.750000e-09  4.118725e+07
  -5.740000e-09  4.128201e+07
  -5.730000e-09  4.137682e+07
  -5.720000e-09  4.147168e+07
  -5.710000e-09  4.156659e+07
  -5.700000e-09  4.166156e+07
  -5.690000e-09  4.175657e+07
  -5.680000e-09  4.185163e+07
  -5.670000e-09  4.194674e+07
  -5.660000e-09  4.204190e+07
  -5.650000e-09  4.213711e+07
  -5.640000e-09  4.223236e+07
  -5.630000e-09  4.232766e+07
  -5.620000e-09  4.242301e+07
  -5.610000e-09  4.251840e+07
  -5.600000e-09  4.261383e+07
  -5.590000e-09  4.270931e+07
  -5.580000e-09  4.280483e+07
  -5.570000e-09  4.290039e+07
  -5.560000e-09  4.299599e+07
  -5.550000e-09  4.309163e+07
  -5.540000e-09  4.318732e+07
  -5.530000e-09  4.328304e+07
  -5.520000e-09  4.337880e+07
  -5.510000e-09  4.347460e+07
  -5.500000e-09  4.357044e+07
  -5.490000e-09  4.366631e+07
  -5.480000e-09  4.376222e+07
  -5.470000e-09  4.385816e+07
  -5.460000e-09  4.395414e+07
  -5.450000e-09  4.405015e+07
  -5.440000e-09  4.414620e+07
  -5.430000e-09  4.424228e+07
  -5.420000e-09  4.433839e+07
  -5.410000e-09  4.443453e+07
  -5.400000e-09  4.453070e+07
  -5.390000e-09  4.462690e+07
  -5.380000e-09  4.472313e+07
  -5.370000e-09  4.481939e+07
  -5.360000e-09  4.491567e+07
  -5.350000e-09  4.501199e+07
  -5.340000e-09  4.510833e+07
  -5.330000e-09  4.520469e+07
  -5.320000e-09  4.530108e+07
  -5.310000e-09  4.539749e+07
  -5.300000e-09  4.549393e+07
  -5.290000e-09  4.559038e+07
  -5.280000e-09  4.568686e+07
  -5.270000e-09  4.578337e+07
  -5.260000e-09  4.587989e+07
  -5.250000e-09  4.597643e+07
  -5.240000e-09  4.607299e+07
  -5.230000e-09  4.616957e+07
  -5.220000e-09  4.626616e+07
  -5.210000e-09  4.636277e+07
  -5.200000e-09  4.645940e+07
  -5.190000e-09  4.655604e+07
  -5.180000e-09  4.665270e+07
  -5.170000e-09  4.674937e+07
  -5.160000e-09  4.684606e+07
  -5.150000e-09  4.694275e+07
  -5.140000e-09  4.703946e+07
  -5.130000e-09  4.713618e+07
  -5.120000e-09  4.723291e+07
  -5.110000e-09  4.732964e+07
  -5.100000e-09  4.742639e+07
  -5.090000e-09  4.752314e+07
  -5.080000e-09  4.761990e+07
  -5.070000e-09  4.771667e+07
  -5.060000e-09  4.781344e+07
  -5.050000e-09  4.791022e+07
  -5.040000e-09  4.800700e+07
  -5.030000e-09  4.810378e+07
  -5.020000e-09  4.820057e+07
  -5.010000e-09  4.829736e+07
  -5.000000e-09  4.839414e+07
  -4.990000e-09  4.849093e+07
  -4.980000e-09  4.858772e+07
  -4.970000e-09  4.868451e+07
  -4.960000e-09  4.878129e+07
  -4.950000e-09  4.887807e+07
  -4.940000e-09  4.897485e+07
  -4.930000e-09  4.907162e+07
  -4.920000e-09  4.916838e+07
  -4.910000e-09  4.926515e+07
  -4.900000e-09  4.936190e+07
  -4.890000e-09  4.945864e+07
  -4.880000e-09  4.955538e+07
  -4.870000e-09  4.965211e+07
  -4.860000e-09  4.974882e+07
  -4.850000e-09  4.984553e+07
  -4.840000e-09  4.994222e+07
  -4.830000e-09  5.003891e+07
  -4.820000e-09  5.013557e+07
  -4.810000e-09  5.023223e+07
  -4.800000e-09  5.032887e+07
  -4.790000e-09  5.042549e+07
  -4.780000e-09  5.052210e+07
  -4.770000e-09  5.061869e+07
  -4.760000e-09  5.071526e+07
  -4.750000e-09  5.081181e+07
  -4.740000e-09  5.090834e+07
  -4.730000e-09  5.100486e+07
  -4.720000e-09  5.110135e+07
  -4.710000e-09  5.119781e+07
  -4.700000e-09  5.129426e+07
  -4.690000e-09  5.139068e+07
  -4.680000e-09  5.148708e+07
  -4.670000e-09  5.158345e+07
  -4.660000e-09  5.167979e+07
  -4.650000e-09  5.177611e+07
  -4.640000e-09  5.187240e+07
  -4.630000e-09  5.196866e+07
  -4.620000e-09  5.206489e+07
  -4.610000e-09  5.216109e+07
  -4.600000e-09  5.225726e+07
  -4.590000e-09  5.235340e+07
  -4.580000e-09  5.244950e+07
  -4.570000e-09  5.254557e+07
  -4.560000e-09  5.264161e+07
  -4.550000e-09  5.273761e+07
  -4.540000e-09  5.283357e+07
  -4.530000e-09  5.292950e+07
  -4.520000e-09  5.302539e+07
  -4.510000e-09  5.312124e+07
  -4.500000e-09  5.321705e+07
  -4.490000e-09  5.331282e+07
  -4.480000e-09  5.340855e+07
  -4.470000e-09  5.350424e+07
  -4.460000e-09  5.359988e+07
  -4.450000e-09  5.369548e+07
  -4.440000e-09  5.379104e+07
  -4.430000e-09  5.388655e+07
  -4.420000e-09  5.398201e+07
  -4.410000e-09  5.407743e+07
  -4.400000e-09  5.417279e+07
  -4.390000e-09  5.426811e+07
  -4.380000e-09  5.436338e+07
  -4.370000e-09  5.445860e+07
  -4.360000e-09  5.455377e+07
  -4.350000e-09  5.464889e+07
  -4.340000e-09  5.474395e+07
  -4.330000e-09  5.483896e+07
  -4.320000e-09  5.493391e+07
  -4.310000e-09  5.502881e+07
  -4.300000e-09  5.512365e+07
  -4.290000e-09  5.521843e+07
  -4.280000e-09  5.531316e+07
  -4.270000e-09  5.540783e+07
  -4.260000e-09  5.550243e+07
  -4.250000e-09  5.559698e+07
  -4.240000e-09  5.569146e+07
  -4.230000e-09  5.578588e+07
  -4.220000e-09  5.588024e+07
  -4.210000e-09  5.597453e+07
  -4.200000e-09  5.606876e+07
  -4.190000e-09  5.616292e+07
  -4.180000e-09  5.625702e+07
  -4.170000e-09  5.635105e+07
  -4.160000e-09  5.644501e+07
  -4.150000e-09  5.653890e+07
  -4.140000e-09  5.663272e+07
  -4.130000e-09  5.672646e+07
  -4.120000e-09  5.682014e+07
  -4.110000e-09  5.691374e+07
  -4.100000e-09  5.700727e+07
  -4.090000e-09  5.710073e+07
  -4.080000e-09  5.719410e+07
  -4.070000e-09  5.728741e+07
  -4.060000e-09  5.738063e+07
  -4.050000e-09  5.747378e+07
  -4.040000e-09  5.756685e+07
  -4.030000e-09  5.765984e+07
  -4.020000e-09  5.775274e+07
  -4.010000e-09  5.784557e+07
  -4.000000e-09  5.793831e+07
  -3.990000e-09  5.803097e+07
  -3.980000e-09  5.812355e+07
  -3.970000e-09  5.821604e+07
  -3.960000e-09  5.830844e+07
  -3.950000e-09  5.840076e+07
  -3.940000e-09  5.849299e+07
  -3.930000e-09  5.858513e+07
  -3.920000e-09  5.867718e+07
  -3.910000e-09  5.876914e+07
  -3.900000e-09  5.886101e+07
  -3.890000e-09  5.895278e+07
  -3.880000e-09  5.904447e+07
  -3.870000e-09  5.913606e+07
  -3.860000e-09  5.922755e+07
  -3.850000e-09  5.931895e+07
  -3.840000e-09  5.941025e+07
  -3.830000e-09  5.950146e+07
  -3.820000e-09  5.959257e+07
  -3.810000e-09  5.968357e+07
  -3.800000e-09  5.977448e+07
  -3.790000e-09  5.986529e+07
  -3.780000e-09  5.995599e+07
  -3.770000e-09  6.004659e+07
  -3.760000e-09  6.013709e+07
  -3.750000e-09  6.022749e+07
  -3.740000e-09  6.031777e+07
  -3.730000e-09  6.040796e+07
  -3.720000e-09  6.049803e+07
  -3.710000e-09  6.058800e+07
  -3.700000e-09  6.067786e+07
  -3.690000e-09  6.076760e+07
  -3.680000e-09  6.085724e+07
  -3.670000e-09  6.094677e+07
  -3.660000e-09  6.103618e+07
  -3.650000e-09  6.112548e+07
  -3.640000e-09  6.121467e+07
  -3.630000e-09  6.130374e+07
  -3.620000e-09  6.139269e+07
  -3.610000e-09  6.148153e+07
  -3.600000e-09  6.157025e+07
  -3.590000e-09  6.165885e+07
  -3.580000e-09  6.174734e+07
  -3.570000e-09  6.183570e+07
  -3.560000e-09  6.192394e+07
  -3.550000e-09  6.201206e+07
  -3.540000e-09  6.210005e+07
  -3.530000e-09  6.218792e+07
  -3.520000e-09  6.227567e+07
  -3.510000e-09  6.236329e+07
  -3.500000e-09  6.245079e+07
  -3.490000e-09  6.253815e+07
  -3.480000e-09  6.262539e+07
  -3.470000e-09  6.271250e+07
  -3.460000e-09  6.279948e+07
  -3.450000e-09  6.288633e+07
  -3.440000e-09  6.297305e+07
  -3.430000e-09  6.305963e+07
  -3.420000e-09  6.314608e+07
  -3.410000e-09  6.323240e+07
  -3.400000e-09  6.331858e+07
  -3.390000e-09  6.340463e+07
  -3.380000e-09  6.349053e+07
  -3.370000e-09  6.357630e+07
  -3.360000e-09  6.366194e+07
  -3.350000e-09  6.374743e+07
  -3.340000e-09  6.383278e+07
  -3.330000e-09  6.391799e+07
  -3.320000e-09  6.400306e+07
  -3.310000e-09  6.408798e+07
  -3.300000e-09  6.417276e+07
  -3.290000e-09  6.425740e+07
  -3.280000e-09  6.434189e+07
  -3.270000e-09  6.442623e+07
  -3.260000e-09  6.451042e+07
  -3.250000e-09  6.459447e+07
  -3.240000e-09  6.467837e+07
  -3.230000e-09  6.476212e+07
  -3.220000e-09  6.484572e+07
  -3.210000e-09  6.492916e+07
  -3.200000e-09  6.501245e+07
  -3.190000e-09  6.509559e+07
  -3.180000e-09  6.517858e+07
  -3.170000e-09  6.526141e+07
  -3.160000e-09  6.534408e+07
  -3.150000e-09  6.542660e+07
  -3.140000e-09  6.550895e+07
  -3.130000e-09  6.559115e+07
  -3.120000e-09  6.567319e+07
  -3.110000e-09  6.575507e+07
  -3.100000e-09  6.583679e+07
  -3.090000e-09  6.591835e+07
  -3.080000e-09  6.599974e+07
  -3.070000e-09  6.608097e+07
  -3.060000e-09  6.616204e+07
  -3.050000e-09  6.624294e+07
  -3.040000e-09  6.632367e+07
  -3.030000e-09  6.640423e+07
  -3.020000e-09  6.648463e+07
  -3.010000e-09  6.656486e+07
  -3.000000e-09  6.664492e+07
  -2.990000e-09  6.672481e+07
  -2.980000e-09  6.680453e+07
  -2.970000e-09  6.688407e+07
  -2.960000e-09  6.696344e+07
  -2.950000e-09  6.704264e+07
  -2.940000e-09  6.712166e+07
  -2.930000e-09  6.720051e+07
  -2.920000e-09  6.727918e+07
  -2.910000e-09  6.735767e+07
  -2.900000e-09  6.743599e+07
  -2.890000e-09  6.751412e+07
  -2.880000e-09  6.759208e+07
  -2.870000e-09  6.766986e+07
  -2.860000e-09  6.774745e+07
  -2.850000e-09  6.782486e+07
  -2.840000e-09  6.790209e+07
  -2.830000e-09  6.797914e+07
  -2.820000e-09  6.805600e+07
  -2.810000e-09  6.813267e+07
  -2.800000e-09  6.820916e+07
  -2.790000e-09  6.828546e+07
  -2.780000e-09  6.836157e+07
  -2.770000e-09  6.843749e+07
  -2.760000e-09  6.851323e+07
  -2.750000e-09  6.858877e+07
  -2.740000e-09  6.866412e+07
  -2.730000e-09  6.873928e+07
  -2.720000e-09  6.881425e+07
  -2.710000e-09  6.888902e+07
  -2.700000e-09  6.896360e+07
  -2.690000e-09  6.903798e+07
  -2.680000e-09  6.911217e+07
  -2.670000e-09  6.918616e+07
  -2.660000e-09  6.925995e+07
  -2.650000e-09  6.933354e+07
  -2.640000e-09  6.940694e+07
  -2.630000e-09  6.948013e+07
  -2.620000e-09  6.955312e+07
  -2.610000e-09  6.962591e+07
  -2.600000e-09  6.969850e+07
  -2.590000e-09  6.977089e+07
  -2.580000e-09  6.984307e+07
  -2.570000e-09  6.991504e+07
  -2.560000e-09  6.998681e+07
  -2.550000e-09  7.005838e+07
  -2.540000e-09  7.012973e+07
  -2.530000e-09  7.020088e+07
  -2.520000e-09  7.027182e+07
  -2.510000e-09  7.034255e+07
  -2.500000e-09  7.041307e+07
  -2.490000e-09  7.048337e+07
  -2.480000e-09  7.055347e+07
  -2.470000e-09  7.062335e+07
  -2.460000e-09  7.069302e+07
  -2.450000e-09  7.076247e+07
  -2.440000e-09  7.083171e+07
  -2.430000e-09  7.090074e+07
  -2.420000e-09  7.096954e+07
  -2.410000e-09  7.103813e+07
  -2.400000e-09  7.110651e+07
  -2.390000e-09  7.117466e+07
  -2.380000e-09  7.124259e+07
  -2.370000e-09  7.131030e+07
  -2.360000e-09  7.137780e+07
  -2.350000e-09  7.144507e+07
  -2.340000e-09  7.151211e+07
  -2.330000e-09  7.157894e+07
  -2.320000e-09  7.164553e+07
  -2.310000e-09  7.171191e+07
  -2.300000e-09  7.177806e+07
  -2.290000e-09  7.184398e+07
  -2.280000e-09  7.190968e+07
  -2.270000e-09  7.197514e+07
  -2.260000e-09  7.204038e+07
  -2.250000e-09  7.210539e+07
  -2.240000e-09  7.217017e+07
  -2.230000e-09  7.223472e+07
  -2.220000e-09  7.229904e+07
  -2.210000e-09  7.236312e+07
  -2.200000e-09  7.242698e+07
  -2.190000e-09  7.249060e+07
  -2.180000e-09  7.255398e+07
  -2.170000e-09  7.261713e+07
  -2.160000e-09  7.268004e+07
  -2.150000e-09  7.274272e+07
  -2.140000e-09  7.280516e+07
  -2.130000e-09  7.286736e+07
  -2.120000e-09  7.292933e+07
  -2.110000e-09  7.299105e+07
  -2.100000e-09  7.305253e+07
  -2.090000e-09  7.311378e+07
  -2.080000e-09  7.317478e+07
  -2.070000e-09  7.323554e+07
  -2.060000e-09  7.329606e+07
  -2.050000e-09  7.335633e+07
  -2.040000e-09  7.341636e+07
  -2.030000e-09  7.347615e+07
  -2.020000e-09  7.353569e+07
  -2.010000e-09  7.359498e+07
  -2.000000e-09  7.365403e+07
  -1.990000e-09  7.371283e+07
  -1.980000e-09  7.377138e+07
  -1.970000e-09  7.382968e+07
  -1.960000e-09  7.388773e+07
  -1.950000e-09  7.394554e+07
  -1.940000e-09  7.400309e+07
  -1.930000e-09  7.406039e+07
  -1.920000e-09  7.411744e+07
  -1.910000e-09  7.417423e+07
  -1.900000e-09  7.423078e+07
  -1.890000e-09  7.428706e+07
  -1.880000e-09  7.434310e+07
  -1.870000e-09  7.439888e+07
  -1.860000e-09  7.445440e+07
  -1.850000e-09  7.450966e+07
  -1.840000e-09  7.456467e+07
  -1.830000e-09  7.461942e+07
  -1.820000e-09  7.467391e+07
  -1.810000e-09  7.472815e+07
  -1.800000e-09  7.478212e+07
  -1.790000e-09  7.483583e+07
  -1.780000e-09  7.488929e+07
  -1.770000e-09  7.494248e+07
  -1.760000e-09  7.499540e+07
  -1.750000e-09  7.504807e+07
  -1.740000e-09  7.510047e+07
  -1.730000e-09  7.515261e+07
  -1.720000e-09  7.520448e+07
  -1.710000e-09  7.525609e+07
  -1.700000e-09  7.530743e+07
  -1.690000e-09  7.535851e+07
  -1.680000e-09  7.540932e+07
  -1.670000e-09  7.545986e+07
  -1.660000e-09  7.551013e+07
  -1.650000e-09  7.556014e+07
  -1.640000e-09  7.560987e+07
  -1.630000e-09  7.565934e+07
  -1.620000e-09  7.570853e+07
  -1.610000e-09  7.575745e+07
  -1.600000e-09  7.580611e+07
  -1.590000e-09  7.585448e+07
  -1.580000e-09  7.590259e+07
  -1.570000e-09  7.595043e+07
  -1.560000e-09  7.599799e+07
  -1.550000e-09  7.604527e+07
  -1.540000e-09  7.609228e+07
  -1.530000e-09  7.613902e+07
  -1.520000e-09  7.618548e+07
  -1.510000e-09  7.623166e+07
  -1.500000e-09  7.627756e+07
  -1.490000e-09  7.632319e+07
  -1.480000e-09  7.636854e+07
  -1.470000e-09  7.641361e+07
  -1.460000e-09  7.645840e+07
  -1.450000e-09  7.650291e+07
  -1.440000e-09  7.654715e+07
  -1.430000e-09  7.659110e+07
  -1.420000e-09  7.663477e+07
  -1.410000e-09  7.667815e+07
  -1.400000e-09  7.672126e+07
  -1.390000e-09  7.676408e+07
  -1.380000e-09  7.680662e+07
  -1.370000e-09  7.684888e+07
  -1.360000e-09  7.689085e+07
  -1.350000e-09  7.693253e+07
  -1.340000e-09  7.697393e+07
  -1.330000e-09  7.701505e+07
  -1.320000e-09  7.705588e+07
  -1.310000e-09  7.709642e+07
  -1.300000e-09  7.713667e+07
  -1.290000e-09  7.717664e+07
  -1.280000e-09  7.721632e+07
  -1.270000e-09  7.725571e+07
  -1.260000e-09  7.729481e+07
  -1.250000e-09  7.733362e+07
  -1.240000e-09  7.737215e+07
  -1.230000e-09  7.741038e+07
  -1.220000e-09  7.744832e+07
  -1.210000e-09  7.748597e+07
  -1.200000e-09  7.752332e+07
  -1.190000e-09  7.756039e+07
  -1.180000e-09  7.759716e+07
  -1.170000e-09  7.763364e+07
  -1.160000e-09  7.766983e+07
  -1.150000e-09  7.770572e+07
  -1.140000e-09  7.774131e+07
  -1.130000e-09  7.777662e+07
  -1.120000e-09  7.781162e+07
  -1.110000e-09  7.784634e+07
  -1.100000e-09  7.788075e+07
  -1.090000e-09  7.791487e+07
  -1.080000e-09  7.794869e+07
  -1.070000e-09  7.798222e+07
  -1.060000e-09  7.801545e+07
  -1.050000e-09  7.804838e+07
  -1.040000e-09  7.808101e+07
  -1.030000e-09  7.811334e+07
  -1.020000e-09  7.814537e+07
  -1.010000e-09  7.817711e+07
  -1.000000e-09  7.820854e+07
  -9.900000e-10  7.823967e+07
  -9.800000e-10  7.827050e+07
  -9.700000e-10  7.830104e+07
  -9.600000e-10  7.833127e+07
  -9.500000e-10  7.836119e+07
  -9.400000e-10  7.839082e+07
  -9.300000e-10  7.842014e+07
  -9.200000e-10  7.844916e+07
  -9.100000e-10  7.847788e+07
  -9.000000e-10  7.850630e+07
  -8.900000e-10  7.853441e+07
  -8.800000e-10  7.856221e+07
  -8.700000e-10  7.858971e+07
  -8.600000e-10  7.861691e+07
  -8.500000e-10  7.864380e+07
  -8.400000e-10  7.867039e+07
  -8.300000e-10  7.869667e+07
  -8.200000e-10  7.872264e+07
  -8.100000e-10  7.874831e+07
  -8.000000e-10  7.877367e+07
  -7.900000e-10  7.879873e+07
  -7.800000e-10  7.882347e+07
  -7.700000e-10  7.884791e+07
  -7.600000e-10  7.887204e+07
  -7.500000e-10  7.889587e+07
  -7.400000e-10  7.891938e+07
  -7.300000e-10  7.894259e+07
  -7.200000e-10  7.896548e+07
  -7.100000e-10  7.898807e+07
  -7.000000e-10  7.901035e+07
  -6.900000e-10  7.903232e+07
  -6.800000e-10  7.905397e+07
  -6.700000e-10  7.907532e+07
  -6.600000e-10  7.909636e+07
  -6.500000e-10  7.911708e+07
  -6.400000e-10  7.913750e+07
  -6.300000e-10  7.915760e+07
  -6.200000e-10  7.917739e+07
  -6.100000e-10  7.919687e+07
  -6.000000e-10  7.921604e+07
  -5.900000e-10  7.923490e+07
  -5.800000e-10  7.925344e+07
  -5.700000e-10  7.927167e+07
  -5.600000e-10  7.928959e+07
  -5.500000e-10  7.930719e+07
  -5.400000e-10  7.932448e+07
  -5.300000e-10  7.934146e+07
  -5.200000e-10  7.935812e+07
  -5.100000e-10  7.937447e+07
  -5.000000e-10  7.939051e+07
  -4.900000e-10  7.940623e+07
  -4.800000e-10  7.942164e+07
  -4.700000e-10  7.943673e+07
  -4.600000e-10  7.945150e+07
  -4.500000e-10  7.946597e+07
  -4.400000e-10  7.948011e+07
  -4.300000e-10  7.949394e+07
  -4.200000e-10  7.950746e+07
  -4.100000e-10  7.952066e+07
  -4.000000e-10  7.953354e+07
  -3.900000e-10  7.954611e+07
  -3.800000e-10  7.955836e+07
  -3.700000e-10  7.957029e+07
  -3.600000e-10  7.958191e+07
  -3.500000e-10  7.959321e+07
  -3.400000e-10  7.960420e+07
  -3.300000e-10  7.961487e+07
  -3.200000e-10  7.962522e+07
  -3.100000e-10  7.963525e+07
  -3.000000e-10  7.964497e+07
  -2.900000e-10  7.965436e+07
  -2.800000e-10  7.966345e+07
  -2.700000e-10  7.967221e+07
  -2.600000e-10  7.968065e+07
  -2.500000e-10  7.968878e+07
  -2.400000e-10  7.969659e+07
  -2.300000e-10  7.970408e+07
  -2.200000e-10  7.971126e+07
  -2.100000e-10  7.971811e+07
  -2.000000e-10  7.972465e+07
  -1.900000e-10  7.973087e+07
  -1.800000e-10  7.973677e+07
  -1.700000e-10  7.974235e+07
  -1.600000e-10  7.974761e+07
  -1.500000e-10  7.975256e+07
  -1.400000e-10  7.975719e+07
  -1.300000e-10  7.976149e+07
  -1.200000e-10  7.976548e+07
  -1.100000e-10  7.976915e+07
  -1.000000e-10  7.977250e+07
  -9.000000e-11  7.977553e+07
  -8.000000e-11  7.977824e+07
  -7.000000e-11  7.978064e+07
  -6.000000e-11  7.978271e+07
  -5.000000e-11  7.978447e+07
  -4.000000e-11  7.978590e+07
  -3.000000e-11  7.978702e+07
  -2.000000e-11  7.978782e+07
  -1.000000e-11  7.978830e+07
  0.000000e+00  7.978846e+07
  1.000000e-11  7.978830e+07
  2.000000e-11  7.978782e+07
  3.000000e-11  7.978702e+07
  4.000000e-11  7.978590e+07
  5.000000e-11  7.978447e+07
  6.000000e-11  7.978271e+07
  7.000000e-11  7.978064e+07
  8.000000e-11  7.977824e+07
  9.000000e-11  7.977553e+07
  1.000000e-10  7.977250e+07
  1.100000e-10  7.976915e+07
  1.200000e-10  7.976548e+07
  1.300000e-10  7.976149e+07
  1.400000e-10  7.975719e+07
  1.500000e-10  7.975256e+07
  1.600000e-10  7.974761e+07
  1.700000e-10  7.974235e+07
  1.800000e-10  7.973677e+07
  1.900000e-10  7.973087e+07
  2.000000e-10  7.972465e+07
  2.100000e-10  7.971811e+07
  2.200000e-10  7.971126e+07
  2.300000e-10  7.970408e+07
  2.400000e-10  7.969659e+07
  2.500000e-10  7.968878e+07
  2.600000e-10  7.968065e+07
  2.700000e-10  7.967221e+07
  2.800000e-10  7.966345e+07
  2.900000e-10  7.965436e+07
  3.000000e-10  7.964497e+07
  3.100000e-10  7.963525e+07
  3.200000e-10  7.962522e+07
  3.300000e-10  7.961487e+07
  3.400000e-10  7.960420e+07
  3.500000e-10  7.959321e+07
  3.600000e-10  7.958191e+07
  3.700000e-10  7.957029e+07
  3.800000e-10  7.955836e+07
  3.900000e-10  7.954611e+07
  4.000000e-10  7.953354e+07
  4.100000e-10  7.952066e+07
  4.200000e-10  7.950746e+07
  4.300000e-10  7.949394e+07
  4.400000e-10  7.948011e+07
  4.500000e-10  7.946597e+07
  4.600000e-10  7.945150e+07
  4.700000e-10  7.943673e+07
  4.800000e-10  7.942164e+07
  4.900000e-10  7.940623e+07
  5.000000e-10  7.939051e+07
  5.100000e-10  7.937447e+07
  5.200000e-10  7.935812e+07
  5.300000e-10  7.934146e+07
  5.400000e-10  7.932448e+07
  5.500000e-10  7.930719e+07
  5.600000e-10  7.928959e+07
  5.700000e-10  7.927167e+07
  5.800000e-10  7.925344e+07
  5.900000e-10  7.923490e+07
  6.000000e-10  7.921604e+07
  6.100000e-10  7.919687e+07
  6.200000e-10  7.917739e+07
  6.300000e-10  7.915760e+07
  6.400000e-10  7.913750e+07
  6.500000e-10  7.911708e+07
  6.600000e-10  7.909636e+07
  6.700000e-10  7.907532e+07
  6.800000e-10  7.905397e+07
  6.900000e-10  7.903232e+07
  7.000000e-10  7.901035e+07
  7.100000e-10  7.898807e+07
  7.200000e-10  7.896548e+07
  7.300000e-10  7.894259e+07
  7.400000e-10  7.891938e+07
  7.500000e-10  7.889587e+07
  7.600000e-10  7.887204e+07
  7.700000e-10  7.884791e+07
  7.800000e-10  7.882347e+07
  7.900000e-10  7.879873e+07
  8.000000e-10  7.877367e+07
  8.100000e-10  7.874831e+07
  8.200000e-10  7.872264e+07
  8.300000e-10  7.869667e+07
  8.400000e-10  7.867039e+07
  8.500000e-10  7.864380e+07
  8.600000e-10  7.861691e+07
  8.700000e-10  7.858971e+07
  8.800000e-10  7.856221e+07
  8.900000e-10  7.853441e+07
  9.000000e-10  7.850630e+07
  9.100000e-10  7.847788e+07
  9.200000e-10  7.844916e+07
  9.300000e-10  7.842014e+07
  9.400000e-10  7.839082e+07
  9.500000e-10  7.836119e+07
  9.600000e-10  7.833127e+07
  9.700000e-10  7.830104e+07
  9.800000e-10  7.827050e+07
  9.900000e-10  7.823967e+07
  1.000000e-09  7.820854e+07
  1.010000e-09  7.817711e+07
  1.020000e-09  7.814537e+07
  1.030000e-09  7.811334e+07
  1.040000e-09  7.808101e+07
  1.050000e-09  7.804838e+07
  1.060000e-09  7.801545e+07
  1.070000e-09  7.798222e+07
  1.080000e-09  7.794869e+07
  1.090000e-09  7.791487e+07
  1.100000e-09  7.788075e+07
  1.110000e-09  7.784634e+07
  1.120000e-09  7.781162e+07
  1.130000e-09  7.777662e+07
  1.140000e-09  7.774131e+07
  1.150000e-09  7.770572e+07
  1.160000e-09  7.766983e+07
  1.170000e-09  7.763364e+07
  1.180000e-09  7.759716e+07
  1.190000e-09  7.756039e+07
  1.200000e-09  7.752332e+07
  1.210000e-09  7.748597e+07
  1.220000e-09  7.744832e+07
  1.230000e-09  7.741038e+07
  1.240000e-09  7.737215e+07
  1.250000e-09  7.733362e+07
  1.260000e-09  7.729481e+07
  1.270000e-09  7.725571e+07
  1.280000e-09  7.721632e+07
  1.290000e-09  7.717664e+07
  1.300000e-09  7.713667e+07
  1.310000e-09  7.709642e+07
  1.320000e-09  7.705588e+07
  1.330000e-09  7.701505e+07
  1.340000e-09  7.697393e+07
  1.350000e-09  7.693253e+07
  1.360000e-09  7.689085e+07
  1.370000e-09  7.684888e+07
  1.380000e-09  7.680662e+07
  1.390000e-09  7.676408e+07
  1.400000e-09  7.672126e+07
  1.410000e-09  7.667815e+07
  1.420000e-09  7.663477e+07
  1.430000e-09  7.659110e+07
  1.440000e-09  7.654715e+07
  1.450000e-09  7.650291e+07
  1.460000e-09  7.645840e+07
  1.470000e-09  7.641361e+07
  1.480000e-09  7.636854e+07
  1.490000e-09  7.632319e+07
  1.500000e-09  7.627756e+07
  1.510000e-09  7.623166e+07
  1.520000e-09  7.618548e+07
  1.530000e-09  7.613902e+07
  1.540000e-09  7.609228e+07
  1.550000e-09  7.604527e+07
  1.560000e-09  7.599799e+07
  1.570000e-09  7.595043e+07
  1.580000e-09  7.590259e+07
  1.590000e-09  7.585448e+07
  1.600000e-09  7.580611e+07
  1.610000e-09  7.575745e+07
  1.620000e-09  7.570853e+07
  1.630000e-09  7.565934e+07
  1.640000e-09  7.560987e+07
  1.650000e-09  7.556014e+07
  1.660000e-09  7.551013e+07
  1.670000e-09  7.545986e+07
  1.680000e-09  7.540932e+07
  1.690000e-09  7.535851e+07
  1.700000e-09  7.530743e+07
  1.710000e-09  7.525609e+07
  1.720000e-09  7.520448e+07
  1.730000e-09  7.515261e+07
  1.740000e-09  7.510047e+07
  1.750000e-09  7.504807e+07
  1.760000e-09  7.499540e+07
  1.770000e-09  7.494248e+07
  1.780000e-09  7.488929e+07
  1.790000e-09  7.483583e+07
  1.800000e-09  7.478212e+07
  1.810000e-09  7.472815e+07
  1.820000e-09  7.467391e+07
  1.830000e-09  7.461942e+07
  1.840000e-09  7.456467e+07
  1.850000e-09  7.450966e+07
  1.860000e-09  7.445440e+07
  1.870000e-09  7.439888e+07
  1.880000e-09  7.434310e+07
  1.890000e-09  7.428706e+07
  1.900000e-09  7.423078e+07
  1.910000e-09  7.417423e+07
  1.920000e-09  7.411744e+07
  1.930000e-09  7.406039e+07
  1.940000e-09  7.400309e+07
  1.950000e-09  7.394554e+07
  1.960000e-09  7.388773e+07
  1.970000e-09  7.382968e+07
  1.980000e-09  7.377138e+07
  1.990000e-09  7.371283e+07
  2.000000e-09  7.365403e+07
  2.010000e-09  7.359498e+07
  2.020000e-09  7.353569e+07
  2.030000e-09  7.347615e+07
  2.040000e-09  7.341636e+07
  2.050000e-09  7.335633e+07
  2.060000e-09  7.329606e+07
  2.070000e-09  7.323554e+07
  2.080000e-09  7.317478e+07
  2.090000e-09  7.311378e+07
  2.100000e-09  7.305253e+07
  2.110000e-09  7.299105e+07
  2.120000e-09  7.292933e+07
  2.130000e-09  7.286736e+07
  2.140000e-09  7.280516e+07
  2.150000e-09  7.274272e+07
  2.160000e-09  7.268004e+07
  2.170000e-09  7.261713e+07
  2.180000e-09  7.255398e+07
  2.190000e-09  7.249060e+07
  2.200000e-09  7.242698e+07
  2.210000e-09  7.236312e+07
  2.220000e-09  7.229904e+07
  2.230000e-09  7.223472e+07
  2.240000e-09  7.217017e+07
  2.250000e-09  7.210539e+07
  2.260000e-09  7.204038e+07
  2.270000e-09  7.197514e+07
  2.280000e-09  7.190968e+07
  2.290000e-09  7.184398e+07
  2.300000e-09  7.177806e+07
  2.310000e-09  7.171191e+07
  2.320000e-09  7.164553e+07
  2.330000e-09  7.157894e+07
  2.340000e-09  7.151211e+07
  2.350000e-09  7.144507e+07
  2.360000e-09  7.137780e+07
  2.370000e-09  7.131030e+07
  2.380000e-09  7.124259e+07
  2.390000e-09  7.117466e+07
  2.400000e-09  7.110651e+07
  2.410000e-09  7.103813e+07
  2.420000e-09  7.096954e+07
  2.430000e-09  7.090074e+07
  2.440000e-09  7.083171e+07
  2.450000e-09  7.076247e+07
  2.460000e-09  7.069302e+07
  2.470000e-09  7.062335e+07
  2.480000e-09  7.055347e+07
  2.490000e-09  7.048337e+07
  2.500000e-09  7.041307e+07
  2.510000e-09  7.034255e+07
  2.520000e-09  7.027182e+07
  2.530000e-09  7.020088e+07
  2.540000e-09  7.012973e+07
  2.550000e-09  7.005838e+07
  2.560000e-09  6.998681e+07
  2.570000e-09  6.991504e+07
  2.580000e-09  6.984307e+07
  2.590000e-09  6.977089e+07
  2.600000e-09  6.969850e+07
  2.610000e-09  6.962591e+07
  2.620000e-09  6.955312e+07
  2.630000e-09  6.948013e+07
  2.640000e-09  6.940694e+07
  2.650000e-09  6.933354e+07
  2.660000e-09  6.925995e+07
  2.670000e-09  6.918616e+07
  2.680000e-09  6.911217e+07
  2.690000e-09  6.903798e+07
  2.700000e-09  6.896360e+07
  2.710000e-09  6.888902e+07
  2.720000e-09  6.881425e+07
  2.730000e-09  6.873928e+07
  2.740000e-09  6.866412e+07
  2.750000e-09  6.858877e+07
  2.760000e-09  6.851323e+07
  2.770000e-09  6.843749e+07
  2.780000e-09  6.836157e+07
  2.790000e-09  6.828546e+07
  2.800000e-09  6.820916e+07
  2.810000e-09  6.813267e+07
  2.820000e-09  6.805600e+07
  2.830000e-09  6.797914e+07
  2.840000e-09  6.790209e+07
  2.850000e-09  6.782486e+07
  2.860000e-09  6.774745e+07
  2.870000e-09  6.766986e+07
  2.880000e-09  6.759208e+07
  2.890000e-09  6.751412e+07
  2.900000e-09  6.743599e+07
  2.910000e-09  6.735767e+07
  2.920000e-09  6.727918e+07
  2.930000e-09  6.720051e+07
  2.940000e-09  6.712166e+07
  2.950000e-09  6.704264e+07
  2.960000e-09  6.696344e+07
  2.970000e-09  6.688407e+07
  2.980000e-09  6.680453e+07
  2.990000e-09  6.672481e+07
  3.000000e-09  6.664492e+07
  3.010000e-09  6.656486e+07
  3.020000e-09  6.648463e+07
  3.030000e-09  6.640423e+07
  3.040000e-09  6.632367e+07
  3.050000e-09  6.624294e+07
  3.060000e-09  6.616204e+07
  3.070000e-09  6.608097e+07
  3.080000e-09  6.599974e+07
  3.090000e-09  6.591835e+07
  3.100000e-09  6.583679e+07
  3.110000e-09  6.575507e+07
  3.120000e-09  6.567319e+07
  3.130000e-09  6.559115e+07
  3.140000e-09  6.550895e+07
  3.150000e-09  6.542660e+07
  3.160000e-09  6.534408e+07
  3.170000e-09  6.526141e+07
  3.180000e-09  6.517858e+07
  3.190000e-09  6.509559e+07
  3.200000e-09  6.501245e+07
  3.210000e-09  6.492916e+07
  3.220000e-09  6.484572e+07
  3.230000e-09  6.476212e+07
  3.240000e-09  6.467837e+07
  3.250000e-09  6.459447e+07
  3.260000e-09  6.451042e+07
  3.270000e-09  6.442623e+07
  3.280000e-09  6.434189e+07
  3.290000e-09  6.425740e+07
  3.300000e-09  6.417276e+07
  3.310000e-09  6.408798e+07
  3.320000e-09  6.400306e+07
  3.330000e-09  6.391799e+07
  3.340000e-09  6.383278e+07
  3.350000e-09  6.374743e+07
  3.360000e-09  6.366194e+07
  3.370000e-09  6.357630e+07
  3.380000e-09  6.349053e+07
  3.390000e-09  6.340463e+07
  3.400000e-09  6.331858e+07
  3.410000e-09  6.323240e+07
  3.420000e-09  6.314608e+07
  3.430000e-09  6.305963e+07
  3.440000e-09  6.297305e+07
  3.450000e-09  6.288633e+07
  3.460000e-09  6.279948e+07
  3.470000e-09  6.271250e+07
  3.480000e-09  6.262539e+07
  3.490000e-09  6.253815e+07
  3.500000e-09  6.245079e+07
  3.510000e-09  6.236329e+07
  3.520000e-09  6.227567e+07
  3.530000e-09  6.218792e+07
  3.540000e-09  6.210005e+07
  3.550000e-09  6.201206e+07
  3.560000e-09  6.192394e+07
  3.570000e-09  6.183570e+07
  3.580000e-09  6.174734e+07
  3.590000e-09  6.165885e+07
  3.600000e-09  6.157025e+07
  3.610000e-09  6.148153e+07
  3.620000e-09  6.139269e+07
  3.630000e-09  6.130374e+07
  3.640000e-09  6.121467e+07
  3.650000e-09  6.112548e+07
  3.660000e-09  6.103618e+07
  3.670000e-09  6.094677e+07
  3.680000e-09  6.085724e+07
  3.690000e-09  6.076760e+07
  3.700000e-09  6.067786e+07
  3.710000e-09  6.058800e+07
  3.720000e-09  6.049803e+07
  3.730000e-09  6.040796e+07
  3.740000e-09  6.031777e+07
  3.750000e-09  6.022749e+07
  3.760000e-09  6.013709e+07
  3.770000e-09  6.004659e+07
  3.780000e-09  5.995599e+07
  3.790000e-09  5.986529e+07
  3.800000e-09  5.977448e+07
  3.810000e-09  5.968357e+07
  3.820000e-09  5.959257e+07
  3.830000e-09  5.950146e+07
  3.840000e-09  5.941025e+07
  3.850000e-09  5.931895e+07
  3.860000e-09  5.922755e+07
  3.870000e-09  5.913606e+07
  3.880000e-09  5.904447e+07
  3.890000e-09  5.895278e+07
  3.900000e-09  5.886101e+07
  3.910000e-09  5.876914e+07
  3.920000e-09  5.867718e+07
  3.930000e-09  5.858513e+07
  3.940000e-09  5.849299e+07
  3.950000e-09  5.840076e+07
  3.960000e-09  5.830844e+07
  3.970000e-09  5.821604e+07
  3.980000e-09  5.812355e+07
  3.990000e-09  5.803097e+07
  4.000000e-09  5.793831e+07
  4.010000e-09  5.784557e+07
  4.020000e-09  5.775274e+07
  4.030000e-09  5.765984e+07
  4.040000e-09  5.756685e+07
  4.050000e-09  5.747378e+07
  4.060000e-09  5.738063e+07
  4.070000e-09  5.728741e+07
  4.080000e-09  5.719410e+07
  4.090000e-09  5.710073e+07
  4.100000e-09  5.700727e+07
  4.110000e-09  5.691374e+07
  4.120000e-09  5.682014e+07
  4.130000e-09  5.672646e+07
  4.140000e-09  5.663272e+07
  4.150000e-09  5.653890e+07
  4.160000e-09  5.644501e+07
  4.170000e-09  5.635105e+07
  4.180000e-09  5.625702e+07
  4.190000e-09  5.616292e+07
  4.200000e-09  5.606876e+07
  4.210000e-09  5.597453e+07
  4.220000e-09  5.588024e+07
  4.230000e-09  5.578588e+07
  4.240000e-09  5.569146e+07
  4.250000e-09  5.559698e+07
  4.260000e-09  5.550243e+07
  4.270000e-09  5.540783e+07
  4.280000e-09  5.531316e+07
  4.290000e-09  5.521843e+07
  4.300000e-09  5.512365e+07
  4.310000e-09  5.502881e+07
  4.320000e-09  5.493391e+07
  4.330000e-09  5.483896e+07
  4.340000e-09  5.474395e+07
  4.350000e-09  5.464889e+07
  4.360000e-09  5.455377e+07
  4.370000e-09  5.445860e+07
  4.380000e-09  5.436338e+07
  4.390000e-09  5.426811e+07
  4.400000e-09  5.417279e+07
  4.410000e-09  5.407743e+07
  4.420000e-09  5.398201e+07
  4.430000e-09  5.388655e+07
  4.440000e-09  5.379104e+07
  4.450000e-09  5.369548e+07
  4.460000e-09  5.359988e+07
  4.470000e-09  5.350424e+07
  4.480000e-09  5.340855e+07
  4.490000e-09  5.331282e+07
  4.500000e-09  5.321705e+07
  4.510000e-09  5.312124e+07
  4.520000e-09  5.302539e+07
  4.530000e-09  5.292950e+07
  4.540000e-09  5.283357e+07
  4.550000e-09  5.273761e+07
  4.560000e-09  5.264161e+07
  4.570000e-09  5.254557e+07
  4.580000e-09  5.244950e+07
  4.590000e-09  5.235340e+07
  4.600000e-09  5.225726e+07
  4.610000e-09  5.216109e+07
  4.620000e-09  5.206489e+07
  4.630000e-09  5.196866e+07
  4.640000e-09  5.187240e+07
  4.650000e-09  5.177611e+07
  4.660000e-09  5.167979e+07
  4.670000e-09  5.158345e+07
  4.680000e-09  5.148708e+07
  4.690000e-09  5.139068e+07
  4.700000e-09  5.129426e+07
  4.710000e-09  5.119781e+07
  4.720000e-09  5.110135e+07
  4.730000e-09  5.100486e+07
  4.740000e-09  5.090834e+07
  4.750000e-09  5.081181e+07
  4.760000e-09  5.071526e+07
  4.770000e-09  5.061869e+07
  4.780000e-09  5.052210e+07
  4.790000e-09  5.042549e+07
  4.800000e-09  5.032887e+07
  4.810000e-09  5.023223e+07
  4.820000e-09  5.013557e+07
  4.830000e-09  5.003891e+07
  4.840000e-09  4.994222e+07
  4.850000e-09  4.984553e+07
  4.860000e-09  4.974882e+07
  4.870000e-09  4.965211e+07
  4.880000e-09  4.955538e+07
  4.890000e-09  4.945864e+07
  4.900000e-09  4.936190e+07
  4.910000e-09  4.926515e+07
  4.920000e-09  4.916838e+07
  4.930000e-09  4.907162e+07
  4.940000e-09  4.897485e+07
  4.950000e-09  4.887807e+07
  4.960000e-09  4.878129e+07
  4.970000e-09  4.868451e+07
  4.980000e-09  4.858772e+07
  4.990000e-09  4.849093e+07
  5.000000e-09  4.839414e+07
  5.010000e-09  4.829736e+07
  5.020000e-09  4.820057e+07
  5.030000e-09  4.810378e+07
  5.040000e-09  4.800700e+07
  5.050000e-09  4.791022e+07
  5.060000e-09  4.781344e+07
  5.070000e-09  4.771667e+07
  5.080000e-09  4.761990e+07
  5.090000e-09  4.752314e+07
  5.100000e-09  4.742639e+07
  5.110000e-09  4.732964e+07
  5.120000e-09  4.723291e+07
  5.130000e-09  4.713618e+07
  5.140000e-09  4.703946e+07
  5.150000e-09  4.694275e+07
  5.160000e-09  4.684606e+07
  5.170000e-09  4.674937e+07
  5.180000e-09  4.665270e+07
  5.190000e-09  4.655604e+07
  5.200000e-09  4.645940e+07
  5.210000e-09  4.636277e+07
  5.220000e-09  4.626616e+07
  5.230000e-09  4.616957e+07
  5.240000e-09  4.607299e+07
  5.250000e-09  4.597643e+07
  5.260000e-09  4.587989e+07
  5.270000e-09  4.578337e+07
  5.280000e-09  4.568686e+07
  5.290000e-09  4.559038e+07
  5.300000e-09  4.549393e+07
  5.310000e-09  4.539749e+07
  5.320000e-09  4.530108e+07
  5.330000e-09  4.520469e+07
  5.340000e-09  4.510833e+07
  5.350000e-09  4.501199e+07
  5.360000e-09  4.491567e+07
  5.370000e-09  4.481939e+07
  5.380000e-09  4.472313e+07
  5.390000e-09  4.462690e+07
  5.400000e-09  4.453070e+07
  5.410000e-09  4.443453e+07
  5.420000e-09  4.433839e+07
  5.430000e-09  4.424228e+07
  5.440000e-09  4.414620e+07
  5.450000e-09  4.405015e+07
  5.460000e-09  4.395414e+07
  5.470000e-09  4.385816e+07
  5.480000e-09  4.376222e+07
  5.490000e-09  4.366631e+07
  5.500000e-09  4.357044e+07
  5.510000e-09  4.347460e+07
  5.520000e-09  4.337880e+07
  5.530000e-09  4.328304e+07
  5.540000e-09  4.318732e+07
  5.550000e-09  4.309163e+07
  5.560000e-09  4.299599e+07
  5.570000e-09  4.290039e+07
  5.580000e-09  4.280483e+07
  5.590000e-09  4.270931e+07
  5.600000e-09  4.261383e+07
  5.610000e-09  4.251840e+07
  5.620000e-09  4.242301e+07
  5.630000e-09  4.232766e+07
  5.640000e-09  4.223236e+07
  5.650000e-09  4.213711e+07
  5.660000e-09  4.204190e+07
  5.670000e-09  4.194674e+07
  5.680000e-09  4.185163e+07
  5.690000e-09  4.175657e+07
  5.700000e-09  4.166156e+07
  5.710000e-09  4.156659e+07
  5.720000e-09  4.147168e+07
  5.730000e-09  4.137682e+07
  5.740000e-09  4.128201e+07
  5.750000e-09  4.118725e+07
  5.760000e-09  4.109255e+07
  5.770000e-09  4.099790e+07
  5.780000e-09  4.090330e+07
  5.790000e-09  4.080876e+07
  5.800000e-09  4.071428e+07
  5.810000e-09  4.061985e+07
  5.820000e-09  4.052548e+07
  5.830000e-09  4.043116e+07
  5.840000e-09  4.033691e+07
  5.850000e-09  4.024271e+07
  5.860000e-09  4.014857e+07
  5.870000e-09  4.005449e+07
  5.880000e-09  3.996047e+07
  5.890000e-09  3.986652e+07
  5.900000e-09  3.977262e+07
  5.910000e-09  3.967879e+07
  5.920000e-09  3.958502e+07
  5.930000e-09  3.949132e+07
  5.940000e-09  3.939768e+07
  5.950000e-09  3.930410e+07
  5.960000e-09  3.921059e+07
  5.970000e-09  3.911714e+07
  5.980000e-09  3.902377e+07
  5.990000e-09  3.893045e+07
  6.000000e-09  3.883721e+07
  6.010000e-09  3.874404e+07
  6.020000e-09  3.865093e+07
  6.030000e-09  3.855789e+07
  6.040000e-09  3.846493e+07
  6.050000e-09  3.837203e+07
  6.060000e-09  3.827921e+07
  6.070000e-09  3.818645e+07
  6.080000e-09  3.809377e+07
  6.090000e-09  3.800117e+07
  6.100000e-09  3.790863e+07
  6.110000e-09  3.781617e+07
  6.120000e-09  3.772379e+07
  6.130000e-09  3.763148e+07
  6.140000e-09  3.753924e+07
  6.150000e-09  3.744708e+07
  6.160000e-09  3.735500e+07
  6.170000e-09  3.726300e+07
  6.180000e-09  3.717107e+07
  6.190000e-09  3.707922e+07
  6.200000e-09  3.698746e+07
  6.210000e-09  3.689577e+07
  6.220000e-09  3.680416e+07
  6.230000e-09  3.671263e+07
  6.240000e-09  3.662118e+07
  6.250000e-09  3.652982e+07
  6.260000e-09  3.643853e+07
  6.270000e-09  3.634733e+07
  6.280000e-09  3.625622e+07
  6.290000e-09  3.616518e+07
  6.300000e-09  3.607423e+07
  6.310000e-09  3.598337e+07
  6.320000e-09  3.589259e+07
  6.330000e-09  3.580190e+07
  6.340000e-09  3.571129e+07
  6.350000e-09  3.562077e+07
  6.360000e-09  3.553033e+07
  6.370000e-09  3.543999e+07
  6.380000e-09  3.534973e+07
  6.390000e-09  3.525956e+07
  6.400000e-09  3.516949e+07
  6.410000e-09  3.507950e+07
  6.420000e-09  3.498960e+07
  6.430000e-09  3.489979e+07
  6.440000e-09  3.481007e+07
  6.450000e-09  3.472045e+07
  6.460000e-09  3.463092e+07
  6.470000e-09  3.454148e+07
  6.480000e-09  3.445213e+07
  6.490000e-09  3.436288e+07
  6.500000e-09  3.427372e+07
  6.510000e-09  3.418465e+07
  6.520000e-09  3.409568e+07
  6.530000e-09  3.400681e+07
  6.540000e-09  3.391803e+07
  6.550000e-09  3.382935e+07
  6.560000e-09  3.374077e+07
  6.570000e-09  3.365228e+07
  6.580000e-09  3.356389e+07
  6.590000e-09  3.347560e+07
  6.600000e-09  3.338741e+07
  6.610000e-09  3.329932e+07
  6.620000e-09  3.321132e+07
  6.630000e-09  3.312343e+07
  6.640000e-09  3.303564e+07
  6.650000e-09  3.294794e+07
  6.660000e-09  3.286035e+07
  6.670000e-09  3.277286e+07
  6.680000e-09  3.268548e+07
  6.690000e-09  3.259819e+07
  6.700000e-09  3.251101e+07
  6.710000e-09  3.242393e+07
  6.720000e-09  3.233696e+07
  6.730000e-09  3.225009e+07
  6.740000e-09  3.216333e+07
  6.750000e-09  3.207667e+07
  6.760000e-09  3.199011e+07
  6.770000e-09  3.190366e+07
  6.780000e-09  3.181732e+07
  6.790000e-09  3.173109e+07
  6.800000e-09  3.164496e+07
  6.810000e-09  3.155894e+07
  6.820000e-09  3.147303e+07
  6.830000e-09  3.138722e+07
  6.840000e-09  3.130153e+07
  6.850000e-09  3.121594e+07
  6.860000e-09  3.113046e+07
  6.870000e-09  3.104510e+07
  6.880000e-09  3.095984e+07
  6.890000e-09  3.087469e+07
  6.900000e-09  3.078966e+07
  6.910000e-09  3.070473e+07
  6.920000e-09  3.061992e+07
  6.930000e-09  3.053522e+07
  6.940000e-09  3.045063e+07
  6.950000e-09  3.036616e+07
  6.960000e-09  3.028180e+07
  6.970000e-09  3.019755e+07
  6.980000e-09  3.011342e+07
  6.990000e-09  3.002940e+07
  7.000000e-09  2.994549e+07
  7.010000e-09  2.986170e+07
  7.020000e-09  2.977803e+07
  7.030000e-09  2.969447e+07
  7.040000e-09  2.961103e+07
  7.050000e-09  2.952770e+07
  7.060000e-09  2.944449e+07
  7.070000e-09  2.936140e+07
  7.080000e-09  2.927842e+07
  7.090000e-09  2.919557e+07
  7.100000e-09  2.911283e+07
  7.110000e-09  2.903020e+07
  7.120000e-09  2.894770e+07
  7.130000e-09  2.886532e+07
  7.140000e-09  2.878305e+07
  7.150000e-09  2.870091e+07
  7.160000e-09  2.861889e+07
  7.170000e-09  2.853698e+07
  7.180000e-09  2.845520e+07
  7.190000e-09  2.837353e+07
  7.200000e-09  2.829199e+07
  7.210000e-09  2.821057e+07
  7.220000e-09  2.812927e+07
  7.230000e-09  2.804810e+07
  7.240000e-09  2.796704e+07
  7.250000e-09  2.788611e+07
  7.260000e-09  2.780531e+07
  7.270000e-09  2.772462e+07
  7.280000e-09  2.764406e+07
  7.290000e-09  2.756362e+07
  7.300000e-09  2.748331e+07
  7.310000e-09  2.740312e+07
  7.320000e-09  2.732305e+07
  7.330000e-09  2.724312e+07
  7.340000e-09  2.716330e+07
  7.350000e-09  2.708361e+07
  7.360000e-09  2.700405e+07
  7.370000e-09  2.692461e+07
  7.380000e-09  2.684530e+07
  7.390000e-09  2.676612e+07
  7.400000e-09  2.668706e+07
  7.410000e-09  2.660813e+07
  7.420000e-09  2.652933e+07
  7.430000e-09  2.645065e+07
  7.440000e-09  2.637211e+07
  7.450000e-09  2.629369e+07
  7.460000e-09  2.621539e+07
  7.470000e-09  2.613723e+07
  7.480000e-09  2.605920e+07
  7.490000e-09  2.598129e+07
  7.500000e-09  2.590352e+07
  7.510000e-09  2.582587e+07
  7.520000e-09  2.574836e+07
  7.530000e-09  2.567097e+07
  7.540000e-09  2.559372e+07
  7.550000e-09  2.551659e+07
  7.560000e-09  2.543960e+07
  7.570000e-09  2.536273e+07
  7.580000e-09  2.528600e+07
  7.590000e-09  2.520940e+07
  7.600000e-09  2.513293e+07
  7.610000e-09  2.505659e+07
  7.620000e-09  2.498038e+07
  7.630000e-09  2.490431e+07
  7.640000e-09  2.482837e+07
  7.650000e-09  2.475256e+07
  7.660000e-09  2.467688e+07
  7.670000e-09  2.460134e+07
  7.680000e-09  2.452593e+07
  7.690000e-09  2.445065e+07
  7.700000e-09  2.437551e+07
  7.710000e-09  2.430050e+07
  7.720000e-09  2.422562e+07
  7.730000e-09  2.415088e+07
  7.740000e-09  2.407627e+07
  7.750000e-09  2.400180e+07
  7.760000e-09  2.392746e+07
  7.770000e-09  2.385326e+07
  7.780000e-09  2.377919e+07
  7.790000e-09  2.370526e+07
  7.800000e-09  2.363146e+07
  7.810000e-09  2.355780e+07
  7.820000e-09  2.348427e+07
  7.830000e-09  2.341088e+07
  7.840000e-09  2.333762e+07
  7.850000e-09  2.326451e+07
  7.860000e-09  2.319152e+07
  7.870000e-09  2.311868e+07
  7.880000e-09  2.304597e+07
  7.890000e-09  2.297340e+07
  7.900000e-09  2.290096e+07
  7.910000e-09  2.282866e+07
  7.920000e-09  2.275650e+07
  7.930000e-09  2.268448e+07
  7.940000e-09  2.261259e+07
  7.950000e-09  2.254084e+07
  7.960000e-09  2.246923e+07
  7.970000e-09  2.239776e+07
  7.980000e-09  2.232642e+07
  7.990000e-09  2.225523e+07
  8.000000e-09  2.218417e+07
  8.010000e-09  2.211325e+07
  8.020000e-09  2.204247e+07
  8.030000e-09  2.197182e+07
  8.040000e-09  2.190132e+07
  8.050000e-09  2.183095e+07
  8.060000e-09  2.176073e+07
  8.070000e-09  2.169064e+07
  8.080000e-09  2.162069e+07
  8.090000e-09  2.155088e+07
  8.100000e-09  2.148122e+07
  8.110000e-09  2.141169e+07
  8.120000e-09  2.134230e+07
  8.130000e-09  2.127305e+07
  8.140000e-09  2.120394e+07
  8.150000e-09  2.113497e+07
  8.160000e-09  2.106614e+07
  8.170000e-09  2.099745e+07
  8.180000e-09  2.092890e+07
  8.190000e-09  2.086049e+07
  8.200000e-09  2.079222e+07
  8.210000e-09  2.072409e+07
  8.220000e-09  2.065610e+07
  8.230000e-09  2.058826e+07
  8.240000e-09  2.052055e+07
  8.250000e-09  2.045298e+07
  8.260000e-09  2.038556e+07
  8.270000e-09  2.031828e+07
  8.280000e-09  2.025113e+07
  8.290000e-09  2.018413e+07
  8.300000e-09  2.011727e+07
  8.310000e-09  2.005055e+07
  8.320000e-09  1.998398e+07
  8.330000e-09  1.991754e+07
  8.340000e-09  1.985125e+07
  8.350000e-09  1.978509e+07
  8.360000e-09  1.971908e+07
  8.370000e-09  1.965321e+07
  8.380000e-09  1.958748e+07
  8.390000e-09  1.952190e+07
  8.400000e-09  1.945645e+07
  8.410000e-09  1.939115e+07
  8.420000e-09  1.932599e+07
  8.430000e-09  1.926097e+07
  8.440000e-09  1.919609e+07
  8.450000e-09  1.913136e+07
  8.460000e-09  1.906677e+07
  8.470000e-09  1.900232e+07
  8.480000e-09  1.893801e+07
  8.490000e-09  1.887384e+07
  8.500000e-09  1.880982e+07
  8.510000e-09  1.874593e+07
  8.520000e-09  1.868219e+07
  8.530000e-09  1.861860e+07
  8.540000e-09  1.855514e+07
  8.550000e-09  1.849183e+07
  8.560000e-09  1.842866e+07
  8.570000e-09  1.836563e+07
  8.580000e-09  1.830274e+07
  8.590000e-09  1.824000e+07
  8.600000e-09  1.817740e+07
  8.610000e-09  1.811494e+07
  8.620000e-09  1.805262e+07
  8.630000e-09  1.799045e+07
  8.640000e-09  1.792841e+07
  8.650000e-09  1.786652e+07
  8.660000e-09  1.780478e+07
  8.670000e-09  1.774317e+07
  8.680000e-09  1.768171e+07
  8.690000e-09  1.762039e+07
  8.700000e-09  1.755921e+07
  8.710000e-09  1.749818e+07
  8.720000e-09  1.743729e+07
  8.730000e-09  1.737654e+07
  8.740000e-09  1.731593e+07
  8.750000e-09  1.725546e+07
  8.760000e-09  1.719514e+07
  8.770000e-09  1.713496e+07
  8.780000e-09  1.707492e+07
  8.790000e-09  1.701503e+07
  8.800000e-09  1.695527e+07
  8.810000e-09  1.689566e+07
  8.820000e-09  1.683619e+07
  8.830000e-09  1.677686e+07
  8.840000e-09  1.671768e+07
  8.850000e-09  1.665864e+07
  8.860000e-09  1.659974e+07
  8.870000e-09  1.654098e+07
  8.880000e-09  1.648236e+07
  8.890000e-09  1.642389e+07
  8.900000e-09  1.636556e+07
  8.910000e-09  1.630736e+07
  8.920000e-09  1.624932e+07
  8.930000e-09  1.619141e+07
  8.940000e-09  1.613364e+07
  8.950000e-09  1.607602e+07
  8.960000e-09  1.601854e+07
  8.970000e-09  1.596120e+07
  8.980000e-09  1.590400e+07
  8.990000e-09  1.584695e+07
  9.000000e-09  1.579003e+07
  9.010000e-09  1.573326e+07
  9.020000e-09  1.567663e+07
  9.030000e-09  1.562014e+07
  9.040000e-09  1.556379e+07
  9.050000e-09  1.550758e+07
  9.060000e-09  1.545151e+07
  9.070000e-09  1.539559e+07
  9.080000e-09  1.533980e+07
  9.090000e-09  1.528416e+07
  9.100000e-09  1.522865e+07
  9.110000e-09  1.517329e+07
  9.120000e-09  1.511807e+07
  9.130000e-09  1.506299e+07
  9.140000e-09  1.500805e+07
  9.150000e-09  1.495325e+07
  9.160000e-09  1.489859e+07
  9.170000e-09  1.484408e+07
  9.180000e-09  1.478970e+07
  9.190000e-09  1.473546e+07
  9.200000e-09  1.468136e+07
  9.210000e-09  1.462741e+07
  9.220000e-09  1.457359e+07
  9.230000e-09  1.451991e+07
  9.240000e-09  1.446637e+07
  9.250000e-09  1.441297e+07
  9.260000e-09  1.435972e+07
  9.270000e-09  1.430660e+07
  9.280000e-09  1.425362e+07
  9.290000e-09  1.420078e+07
  9.300000e-09  1.414808e+07
  9.310000e-09  1.409552e+07
  9.320000e-09  1.404310e+07
  9.330000e-09  1.399081e+07
  9.340000e-09  1.393867e+07
  9.350000e-09  1.388666e+07
  9.360000e-09  1.383480e+07
  9.370000e-09  1.378307e+07
  9.380000e-09  1.373148e+07
  9.390000e-09  1.368003e+07
  9.400000e-09  1.362871e+07
  9.410000e-09  1.357754e+07
  9.420000e-09  1.352650e+07
  9.430000e-09  1.347560e+07
  9.440000e-09  1.342484e+07
  9.450000e-09  1.337422e+07
  9.460000e-09  1.332373e+07
  9.470000e-09  1.327338e+07
  9.480000e-09  1.322317e+07
  9.490000e-09  1.317310e+07
  9.500000e-09  1.312316e+07
  9.510000e-09  1.307336e+07
  9.520000e-09  1.302370e+07
  9.530000e-09  1.297417e+07
  9.540000e-09  1.292479e+07
  9.550000e-09  1.287553e+07
  9.560000e-09  1.282642e+07
  9.570000e-09  1.277744e+07
  9.580000e-09  1.272859e+07
  9.590000e-09  1.267988e+07
  9.600000e-09  1.263131e+07
  9.610000e-09  1.258288e+07
  9.620000e-09  1.253458e+07
  9.630000e-09  1.248641e+07
  9.640000e-09  1.243838e+07
  9.650000e-09  1.239048e+07
  9.660000e-09  1.234273e+07
  9.670000e-09  1.229510e+07
  9.680000e-09  1.224761e+07
  9.690000e-09  1.220025e+07
  9.700000e-09  1.215303e+07
  9.710000e-09  1.210595e+07
  9.720000e-09  1.205899e+07
  9.730000e-09  1.201218e+07
  9.740000e-09  1.196549e+07
  9.750000e-09  1.191894e+07
  9.760000e-09  1.187252e+07
  9.770000e-09  1.182624e+07
  9.780000e-09  1.178009e+07
  9.790000e-09  1.173407e+07
  9.800000e-09  1.168819e+07
  9.810000e-09  1.164244e+07
  9.820000e-09  1.159682e+07
  9.830000e-09  1.155133e+07
  9.840000e-09  1.150598e+07
  9.850000e-09  1.146076e+07
  9.860000e-09  1.141567e+07
  9.870000e-09  1.137071e+07
  9.880000e-09  1.132589e+07
  9.890000e-09  1.128119e+07
  9.900000e-09  1.123663e+07
  9.910000e-09  1.119220e+07
  9.920000e-09  1.114790e+07
  9.930000e-09  1.110373e+07
  9.940000e-09  1.105969e+07
  9.950000e-09  1.101578e+07
  9.960000e-09  1.097200e+07
  9.970000e-09  1.092836e+07
  9.980000e-09  1.088484e+07
  9.990000e-09  1.084145e+07
